0 0.023046875 0.744140625 0.039843750000000004 0.216796875
0 0.070703125 0.765625 0.06796875000000001 0.283203125
0 0.24726562500000002 0.81201171875 0.049218750000000006 0.2197265625
0 0.5457031250000001 0.91748046875 0.06796875000000001 0.1650390625
0 0.64765625 0.53955078125 0.0921875 0.2138671875
0 0.8984375 0.53369140625 0.08281250000000001 0.2490234375
0 0.7921875 0.22314453125 0.051562500000000004 0.2099609375
0 0.733984375 0.19482421875 0.05859375 0.2197265625
0 0.605078125 0.158203125 0.05390625 0.1953125
0 0.55625 0.16357421875 0.0484375 0.1943359375
0 0.38789062500000004 0.23681640625 0.07578125000000001 0.2060546875
0 0.33984375 0.91943359375 0.0546875 0.1201171875
